0.000000 0.000000 0.000000 0.000000 0.000000 0.000000 0.000000 0.000000 0.000000 0.000000 0.000000 0.000000 0.000000 0.000000 0.000000 0.000000 0.000000 0.000000 0.000000 0.000000 0.000000 0.000000 0.000000 0.000000 0.000000 0.000000 0.000000 0.000000 0.000000 0.000000 0.000000 0.000000 0.000000 0.000000 0.000000 0.000000 0.000000 0.000000 0.000000 0.000000 0.000000 0.000000 0.000000 0.000000 0.000000 0.000000 0.000000 0.000000 0.000000 0.000000 0.000000 0.000000 0.000000 0.000000 0.000000 0.000000 0.000000 0.000000 0.000000 0.000000 0.000000 0.000000 0.000000 0.000000 
0.000000 0.000000 0.000000 0.000000 0.000000 0.000000 0.000000 0.000000 0.000000 0.000000 0.000001 0.000001 0.000001 0.000001 0.000001 0.000002 0.000002 0.000002 0.000003 0.000003 0.000004 0.000005 0.000005 0.000006 0.000007 0.000008 0.000009 0.000010 0.000011 0.000012 0.000013 0.000015 0.000016 0.000018 0.000020 0.000021 0.000023 0.000025 0.000027 0.000030 0.000032 0.000034 0.000037 0.000040 0.000042 0.000045 0.000048 0.000052 0.000055 0.000058 0.000062 0.000066 0.000070 0.000074 0.000078 0.000083 0.000087 0.000092 0.000097 0.000297 0.002052 0.009054 0.025374 0.049846 
0.000000 0.000000 0.000000 0.000000 0.000000 0.000000 0.000000 0.000000 0.000001 0.000001 0.000001 0.000001 0.000002 0.000002 0.000003 0.000003 0.000004 0.000005 0.000006 0.000007 0.000008 0.000009 0.000011 0.000012 0.000014 0.000016 0.000018 0.000020 0.000022 0.000024 0.000027 0.000030 0.000033 0.000036 0.000039 0.000043 0.000047 0.000051 0.000055 0.000059 0.000064 0.000069 0.000074 0.000079 0.000085 0.000091 0.000097 0.000103 0.000110 0.000117 0.000124 0.000132 0.000140 0.000148 0.000156 0.000165 0.000174 0.000184 0.000194 0.000593 0.004100 0.018085 0.050686 0.099568 
0.000000 0.000000 0.000000 0.000000 0.000000 0.000000 0.000000 0.000001 0.000001 0.000001 0.000002 0.000002 0.000003 0.000004 0.000004 0.000005 0.000006 0.000008 0.000009 0.000011 0.000012 0.000014 0.000016 0.000019 0.000021 0.000024 0.000027 0.000030 0.000033 0.000037 0.000041 0.000045 0.000049 0.000054 0.000059 0.000064 0.000070 0.000076 0.000082 0.000089 0.000096 0.000103 0.000111 0.000119 0.000127 0.000136 0.000145 0.000155 0.000165 0.000176 0.000186 0.000198 0.000210 0.000222 0.000235 0.000248 0.000261 0.000276 0.000290 0.000888 0.006137 0.027072 0.075872 0.149042 
0.000000 0.000000 0.000000 0.000000 0.000000 0.000000 0.000001 0.000001 0.000001 0.000002 0.000002 0.000003 0.000004 0.000005 0.000006 0.000007 0.000009 0.000010 0.000012 0.000014 0.000017 0.000019 0.000022 0.000025 0.000028 0.000032 0.000036 0.000040 0.000045 0.000049 0.000055 0.000060 0.000066 0.000072 0.000079 0.000086 0.000094 0.000102 0.000110 0.000119 0.000128 0.000138 0.000148 0.000159 0.000170 0.000182 0.000194 0.000207 0.000220 0.000234 0.000249 0.000264 0.000280 0.000296 0.000313 0.000330 0.000349 0.000367 0.000387 0.001181 0.008160 0.035992 0.100869 0.198146 
0.000000 0.000000 0.000000 0.000000 0.000000 0.000001 0.000001 0.000001 0.000002 0.000002 0.000003 0.000004 0.000005 0.000006 0.000008 0.000009 0.000011 0.000013 0.000016 0.000018 0.000021 0.000024 0.000028 0.000032 0.000036 0.000040 0.000045 0.000051 0.000056 0.000062 0.000069 0.000076 0.000083 0.000091 0.000100 0.000108 0.000118 0.000128 0.000138 0.000149 0.000161 0.000173 0.000186 0.000199 0.000213 0.000228 0.000243 0.000259 0.000276 0.000293 0.000311 0.000330 0.000350 0.000370 0.000391 0.000413 0.000436 0.000459 0.000483 0.001472 0.010164 0.044824 0.125616 0.246757 
0.000000 0.000000 0.000000 0.000000 0.000001 0.000001 0.000001 0.000002 0.000002 0.000003 0.000004 0.000005 0.000007 0.000008 0.000010 0.000012 0.000014 0.000017 0.000019 0.000023 0.000026 0.000030 0.000034 0.000039 0.000044 0.000049 0.000055 0.000062 0.000068 0.000076 0.000084 0.000092 0.000101 0.000110 0.000120 0.000131 0.000142 0.000154 0.000167 0.000180 0.000194 0.000209 0.000224 0.000240 0.000257 0.000274 0.000293 0.000312 0.000332 0.000353 0.000374 0.000397 0.000420 0.000444 0.000470 0.000496 0.000523 0.000551 0.000580 0.001761 0.012143 0.053545 0.150052 0.294755 
0.000000 0.000000 0.000000 0.000001 0.000001 0.000001 0.000002 0.000002 0.000003 0.000004 0.000005 0.000007 0.000008 0.000010 0.000012 0.000014 0.000017 0.000020 0.000024 0.000027 0.000031 0.000036 0.000041 0.000046 0.000052 0.000059 0.000066 0.000073 0.000081 0.000090 0.000099 0.000109 0.000119 0.000130 0.000142 0.000154 0.000167 0.000181 0.000196 0.000211 0.000228 0.000245 0.000262 0.000281 0.000301 0.000321 0.000343 0.000365 0.000388 0.000412 0.000437 0.000463 0.000491 0.000519 0.000548 0.000578 0.000610 0.000642 0.000676 0.002046 0.014093 0.062133 0.174116 0.342020 
0.000000 0.000000 0.000001 0.000001 0.000001 0.000002 0.000002 0.000003 0.000004 0.000005 0.000007 0.000008 0.000010 0.000012 0.000015 0.000017 0.000021 0.000024 0.000028 0.000032 0.000037 0.000042 0.000048 0.000054 0.000061 0.000068 0.000076 0.000085 0.000094 0.000104 0.000115 0.000126 0.000138 0.000150 0.000164 0.000178 0.000193 0.000209 0.000226 0.000243 0.000262 0.000281 0.000302 0.000323 0.000345 0.000369 0.000393 0.000418 0.000445 0.000472 0.000501 0.000530 0.000561 0.000593 0.000627 0.000661 0.000697 0.000733 0.000772 0.002328 0.016010 0.070569 0.197747 0.388435 
0.000000 0.000000 0.000001 0.000001 0.000002 0.000002 0.000003 0.000004 0.000005 0.000007 0.000008 0.000010 0.000012 0.000015 0.000018 0.000021 0.000024 0.000028 0.000033 0.000038 0.000043 0.000049 0.000056 0.000063 0.000070 0.000079 0.000088 0.000098 0.000108 0.000119 0.000131 0.000144 0.000157 0.000171 0.000186 0.000203 0.000219 0.000237 0.000256 0.000276 0.000297 0.000319 0.000341 0.000365 0.000390 0.000416 0.000444 0.000472 0.000502 0.000532 0.000564 0.000598 0.000632 0.000668 0.000705 0.000744 0.000783 0.000825 0.000867 0.002606 0.017888 0.078831 0.220888 0.433884 
0.000000 0.000001 0.000001 0.000002 0.000002 0.000003 0.000004 0.000005 0.000007 0.000008 0.000010 0.000012 0.000015 0.000018 0.000021 0.000024 0.000029 0.000033 0.000038 0.000044 0.000050 0.000057 0.000064 0.000072 0.000080 0.000090 0.000100 0.000111 0.000122 0.000135 0.000148 0.000162 0.000177 0.000193 0.000210 0.000228 0.000247 0.000266 0.000287 0.000309 0.000332 0.000357 0.000382 0.000408 0.000436 0.000465 0.000495 0.000527 0.000559 0.000593 0.000629 0.000665 0.000703 0.000743 0.000784 0.000826 0.000870 0.000915 0.000962 0.002879 0.019723 0.086898 0.243481 0.478254 
0.000000 0.000001 0.000001 0.000002 0.000003 0.000004 0.000005 0.000007 0.000008 0.000010 0.000012 0.000015 0.000018 0.000021 0.000024 0.000029 0.000033 0.000038 0.000044 0.000050 0.000057 0.000065 0.000073 0.000082 0.000091 0.000102 0.000113 0.000125 0.000138 0.000151 0.000166 0.000181 0.000198 0.000216 0.000234 0.000254 0.000274 0.000296 0.000319 0.000343 0.000369 0.000395 0.000423 0.000452 0.000483 0.000514 0.000547 0.000582 0.000617 0.000655 0.000693 0.000733 0.000775 0.000818 0.000863 0.000909 0.000957 0.001006 0.001057 0.003146 0.021512 0.094751 0.265470 0.521435 
0.000000 0.000001 0.000002 0.000003 0.000004 0.000005 0.000007 0.000008 0.000010 0.000012 0.000015 0.000018 0.000021 0.000024 0.000029 0.000033 0.000038 0.000044 0.000050 0.000057 0.000065 0.000073 0.000082 0.000092 0.000103 0.000114 0.000126 0.000139 0.000154 0.000169 0.000185 0.000202 0.000220 0.000239 0.000259 0.000281 0.000303 0.000327 0.000352 0.000378 0.000406 0.000435 0.000465 0.000497 0.000530 0.000564 0.000600 0.000637 0.000676 0.000716 0.000758 0.000802 0.000847 0.000893 0.000941 0.000991 0.001043 0.001096 0.001151 0.003408 0.023249 0.102370 0.286801 0.563320 
0.000000 0.000001 0.000002 0.000004 0.000005 0.000006 0.000008 0.000010 0.000012 0.000015 0.000018 0.000021 0.000024 0.000029 0.000033 0.000038 0.000044 0.000050 0.000057 0.000065 0.000073 0.000083 0.000092 0.000103 0.000115 0.000127 0.000141 0.000155 0.000170 0.000187 0.000204 0.000223 0.000243 0.000263 0.000285 0.000309 0.000333 0.000359 0.000386 0.000414 0.000444 0.000476 0.000508 0.000542 0.000578 0.000615 0.000653 0.000694 0.000735 0.000779 0.000824 0.000870 0.000919 0.000969 0.001020 0.001074 0.001129 0.001186 0.001244 0.003664 0.024930 0.109737 0.307420 0.603804 
0.000000 0.000001 0.000003 0.000004 0.000006 0.000008 0.000010 0.000012 0.000015 0.000018 0.000021 0.000024 0.000029 0.000033 0.000038 0.000044 0.000050 0.000057 0.000065 0.000074 0.000083 0.000093 0.000103 0.000115 0.000128 0.000141 0.000156 0.000172 0.000188 0.000206 0.000225 0.000245 0.000266 0.000289 0.000313 0.000338 0.000364 0.000392 0.000421 0.000452 0.000484 0.000517 0.000552 0.000589 0.000627 0.000666 0.000708 0.000751 0.000795 0.000842 0.000890 0.000939 0.000991 0.001044 0.001099 0.001156 0.001214 0.001275 0.001337 0.003912 0.026551 0.116833 0.327276 0.642788 
0.000000 0.000002 0.000003 0.000005 0.000007 0.000009 0.000012 0.000014 0.000017 0.000021 0.000024 0.000029 0.000033 0.000038 0.000044 0.000050 0.000057 0.000065 0.000074 0.000083 0.000093 0.000104 0.000115 0.000128 0.000142 0.000157 0.000172 0.000189 0.000207 0.000226 0.000247 0.000268 0.000291 0.000315 0.000341 0.000368 0.000396 0.000426 0.000457 0.000490 0.000524 0.000560 0.000597 0.000636 0.000677 0.000719 0.000763 0.000808 0.000856 0.000905 0.000956 0.001009 0.001063 0.001119 0.001178 0.001238 0.001300 0.001364 0.001429 0.004154 0.028109 0.123641 0.346320 0.680173 
0.000000 0.000002 0.000004 0.000006 0.000009 0.000011 0.000014 0.000017 0.000021 0.000024 0.000029 0.000033 0.000038 0.000044 0.000050 0.000057 0.000065 0.000074 0.000083 0.000093 0.000104 0.000115 0.000128 0.000142 0.000157 0.000173 0.000190 0.000208 0.000227 0.000248 0.000270 0.000293 0.000317 0.000343 0.000370 0.000399 0.000429 0.000461 0.000494 0.000529 0.000565 0.000603 0.000643 0.000684 0.000727 0.000772 0.000819 0.000867 0.000917 0.000969 0.001023 0.001078 0.001136 0.001195 0.001256 0.001319 0.001385 0.001452 0.001520 0.004388 0.029600 0.130144 0.364505 0.715867 
0.000000 0.000002 0.000005 0.000008 0.000010 0.000013 0.000017 0.000020 0.000024 0.000028 0.000033 0.000038 0.000044 0.000050 0.000057 0.000065 0.000074 0.000083 0.000093 0.000104 0.000115 0.000128 0.000142 0.000157 0.000173 0.000190 0.000208 0.000228 0.000248 0.000270 0.000294 0.000318 0.000344 0.000372 0.000401 0.000431 0.000464 0.000497 0.000532 0.000569 0.000608 0.000648 0.000690 0.000734 0.000779 0.000826 0.000875 0.000926 0.000979 0.001033 0.001090 0.001148 0.001208 0.001271 0.001335 0.001401 0.001469 0.001539 0.001611 0.004613 0.031019 0.136325 0.381785 0.749781 
0.000000 0.000003 0.000006 0.000009 0.000012 0.000016 0.000019 0.000024 0.000028 0.000033 0.000038 0.000044 0.000050 0.000057 0.000065 0.000074 0.000083 0.000093 0.000104 0.000115 0.000128 0.000142 0.000157 0.000173 0.000190 0.000208 0.000228 0.000249 0.000271 0.000294 0.000319 0.000345 0.000373 0.000402 0.000433 0.000465 0.000499 0.000535 0.000572 0.000611 0.000652 0.000694 0.000738 0.000784 0.000832 0.000881 0.000933 0.000986 0.001041 0.001098 0.001157 0.001218 0.001281 0.001346 0.001413 0.001482 0.001552 0.001625 0.001700 0.004830 0.032364 0.142170 0.398119 0.781831 
0.000000 0.000003 0.000007 0.000011 0.000014 0.000018 0.000023 0.000027 0.000032 0.000038 0.000044 0.000050 0.000057 0.000065 0.000074 0.000083 0.000093 0.000104 0.000115 0.000128 0.000142 0.000157 0.000173 0.000190 0.000208 0.000228 0.000249 0.000271 0.000294 0.000319 0.000346 0.000373 0.000403 0.000434 0.000466 0.000500 0.000536 0.000574 0.000613 0.000654 0.000696 0.000741 0.000787 0.000835 0.000885 0.000937 0.000991 0.001047 0.001104 0.001164 0.001225 0.001289 0.001354 0.001421 0.001491 0.001562 0.001635 0.001710 0.001787 0.005038 0.033632 0.147665 0.413464 0.811938 
0.000000 0.000004 0.000008 0.000012 0.000017 0.000021 0.000026 0.000031 0.000037 0.000043 0.000050 0.000057 0.000065 0.000073 0.000083 0.000093 0.000104 0.000115 0.000128 0.000142 0.000157 0.000173 0.000190 0.000208 0.000228 0.000249 0.000271 0.000294 0.000319 0.000346 0.000374 0.000403 0.000434 0.000467 0.000501 0.000537 0.000574 0.000614 0.000655 0.000698 0.000743 0.000789 0.000838 0.000888 0.000940 0.000994 0.001050 0.001108 0.001168 0.001230 0.001293 0.001359 0.001427 0.001496 0.001568 0.001642 0.001717 0.001794 0.001874 0.005236 0.034818 0.152794 0.427783 0.840026 
0.000000 0.000005 0.000009 0.000014 0.000019 0.000024 0.000030 0.000036 0.000042 0.000049 0.000057 0.000065 0.000073 0.000083 0.000093 0.000104 0.000115 0.000128 0.000142 0.000157 0.000173 0.000190 0.000208 0.000228 0.000248 0.000271 0.000294 0.000319 0.000346 0.000373 0.000403 0.000434 0.000467 0.000501 0.000537 0.000575 0.000614 0.000656 0.000699 0.000743 0.000790 0.000839 0.000889 0.000941 0.000996 0.001052 0.001110 0.001170 0.001232 0.001296 0.001362 0.001430 0.001500 0.001571 0.001645 0.001720 0.001798 0.001877 0.001959 0.005425 0.035921 0.157547 0.441041 0.866025 
0.000000 0.000005 0.000011 0.000016 0.000022 0.000028 0.000034 0.000041 0.000048 0.000056 0.000064 0.000073 0.000082 0.000092 0.000103 0.000115 0.000128 0.000142 0.000157 0.000173 0.000190 0.000208 0.000228 0.000248 0.000271 0.000294 0.000319 0.000345 0.000373 0.000403 0.000434 0.000467 0.000501 0.000537 0.000575 0.000614 0.000655 0.000699 0.000743 0.000790 0.000839 0.000889 0.000942 0.000996 0.001052 0.001111 0.001171 0.001233 0.001297 0.001363 0.001431 0.001500 0.001572 0.001646 0.001721 0.001798 0.001878 0.001959 0.002042 0.005602 0.036938 0.161910 0.453204 0.889872 
0.000000 0.000006 0.000012 0.000019 0.000025 0.000032 0.000039 0.000046 0.000054 0.000063 0.000072 0.000082 0.000092 0.000103 0.000115 0.000128 0.000142 0.000157 0.000173 0.000190 0.000208 0.000228 0.000248 0.000271 0.000294 0.000319 0.000345 0.000373 0.000403 0.000434 0.000466 0.000501 0.000537 0.000574 0.000614 0.000655 0.000698 0.000743 0.000790 0.000838 0.000889 0.000941 0.000996 0.001052 0.001110 0.001170 0.001232 0.001296 0.001362 0.001430 0.001499 0.001571 0.001644 0.001719 0.001797 0.001875 0.001956 0.002039 0.002123 0.005769 0.037865 0.165874 0.464242 0.911506 
0.000000 0.000007 0.000014 0.000021 0.000028 0.000036 0.000044 0.000052 0.000061 0.000070 0.000080 0.000091 0.000103 0.000115 0.000128 0.000142 0.000157 0.000173 0.000190 0.000208 0.000228 0.000248 0.000271 0.000294 0.000319 0.000345 0.000373 0.000402 0.000433 0.000466 0.000500 0.000536 0.000574 0.000613 0.000654 0.000697 0.000742 0.000789 0.000838 0.000888 0.000940 0.000995 0.001051 0.001109 0.001169 0.001230 0.001294 0.001360 0.001427 0.001497 0.001568 0.001641 0.001716 0.001793 0.001871 0.001951 0.002033 0.002117 0.002202 0.005925 0.038701 0.169428 0.474128 0.930874 
0.000000 0.000008 0.000016 0.000024 0.000032 0.000040 0.000049 0.000059 0.000068 0.000079 0.000090 0.000102 0.000114 0.000127 0.000141 0.000157 0.000173 0.000190 0.000208 0.000228 0.000249 0.000271 0.000294 0.000319 0.000345 0.000373 0.000402 0.000433 0.000466 0.000500 0.000536 0.000573 0.000613 0.000654 0.000697 0.000741 0.000788 0.000836 0.000887 0.000939 0.000993 0.001049 0.001107 0.001166 0.001228 0.001292 0.001357 0.001424 0.001493 0.001564 0.001637 0.001711 0.001787 0.001865 0.001945 0.002026 0.002109 0.002193 0.002278 0.006068 0.039444 0.172563 0.482837 0.947927 
0.000000 0.000009 0.000018 0.000027 0.000036 0.000045 0.000055 0.000066 0.000076 0.000088 0.000100 0.000113 0.000126 0.000141 0.000156 0.000172 0.000190 0.000208 0.000228 0.000249 0.000271 0.000294 0.000319 0.000345 0.000373 0.000402 0.000433 0.000466 0.000500 0.000535 0.000573 0.000612 0.000653 0.000696 0.000740 0.000787 0.000835 0.000885 0.000937 0.000991 0.001047 0.001104 0.001164 0.001225 0.001288 0.001354 0.001420 0.001489 0.001559 0.001632 0.001705 0.001781 0.001858 0.001937 0.002017 0.002099 0.002182 0.002267 0.002353 0.006200 0.040092 0.175271 0.490347 0.962624 
0.000000 0.000010 0.000020 0.000030 0.000040 0.000051 0.000062 0.000073 0.000085 0.000098 0.000111 0.000125 0.000139 0.000155 0.000172 0.000189 0.000208 0.000228 0.000249 0.000271 0.000294 0.000319 0.000345 0.000373 0.000402 0.000433 0.000466 0.000500 0.000535 0.000573 0.000612 0.000653 0.000695 0.000740 0.000786 0.000834 0.000884 0.000936 0.000989 0.001045 0.001102 0.001161 0.001222 0.001285 0.001350 0.001416 0.001484 0.001554 0.001626 0.001699 0.001774 0.001850 0.001928 0.002007 0.002088 0.002170 0.002254 0.002338 0.002424 0.006319 0.040643 0.177546 0.496640 0.974928 
0.000000 0.000011 0.000022 0.000033 0.000045 0.000056 0.000068 0.000081 0.000094 0.000108 0.000122 0.000138 0.000154 0.000170 0.000188 0.000207 0.000227 0.000248 0.000271 0.000294 0.000319 0.000346 0.000373 0.000403 0.000433 0.000466 0.000500 0.000535 0.000573 0.000612 0.000652 0.000695 0.000739 0.000785 0.000833 0.000883 0.000934 0.000988 0.001043 0.001100 0.001159 0.001219 0.001282 0.001346 0.001412 0.001479 0.001548 0.001619 0.001692 0.001766 0.001842 0.001919 0.001997 0.002077 0.002158 0.002240 0.002323 0.002408 0.002493 0.006426 0.041095 0.179383 0.501700 0.984808 
0.000000 0.000012 0.000024 0.000037 0.000049 0.000062 0.000076 0.000090 0.000104 0.000119 0.000135 0.000151 0.000169 0.000187 0.000206 0.000226 0.000248 0.000270 0.000294 0.000319 0.000346 0.000373 0.000403 0.000434 0.000466 0.000500 0.000535 0.000573 0.000612 0.000652 0.000694 0.000739 0.000784 0.000832 0.000882 0.000933 0.000986 0.001041 0.001097 0.001156 0.001216 0.001278 0.001342 0.001407 0.001474 0.001543 0.001613 0.001685 0.001758 0.001833 0.001909 0.001986 0.002065 0.002145 0.002226 0.002307 0.002390 0.002474 0.002558 0.006519 0.041448 0.180775 0.505515 0.992239 
0.000000 0.000013 0.000027 0.000041 0.000055 0.000069 0.000084 0.000099 0.000115 0.000131 0.000148 0.000166 0.000185 0.000204 0.000225 0.000247 0.000270 0.000294 0.000319 0.000346 0.000374 0.000403 0.000434 0.000466 0.000500 0.000536 0.000573 0.000612 0.000652 0.000694 0.000738 0.000784 0.000832 0.000881 0.000932 0.000985 0.001039 0.001096 0.001154 0.001213 0.001275 0.001338 0.001403 0.001469 0.001537 0.001607 0.001678 0.001750 0.001824 0.001899 0.001976 0.002053 0.002132 0.002211 0.002292 0.002373 0.002455 0.002537 0.002620 0.006599 0.041700 0.181721 0.508074 0.997204 
0.000000 0.000015 0.000030 0.000045 0.000060 0.000076 0.000092 0.000109 0.000126 0.000144 0.000162 0.000181 0.000202 0.000223 0.000245 0.000268 0.000293 0.000318 0.000345 0.000373 0.000403 0.000434 0.000467 0.000501 0.000536 0.000573 0.000612 0.000653 0.000695 0.000739 0.000784 0.000831 0.000881 0.000931 0.000984 0.001038 0.001094 0.001152 0.001211 0.001272 0.001335 0.001399 0.001465 0.001532 0.001601 0.001671 0.001743 0.001816 0.001890 0.001965 0.002041 0.002119 0.002197 0.002276 0.002355 0.002436 0.002516 0.002597 0.002679 0.006665 0.041851 0.182216 0.509371 0.999689 
0.000000 0.000016 0.000033 0.000049 0.000066 0.000083 0.000101 0.000119 0.000138 0.000157 0.000177 0.000198 0.000220 0.000243 0.000266 0.000291 0.000317 0.000344 0.000373 0.000403 0.000434 0.000467 0.000501 0.000537 0.000574 0.000613 0.000653 0.000695 0.000739 0.000784 0.000832 0.000881 0.000931 0.000983 0.001037 0.001093 0.001150 0.001209 0.001270 0.001332 0.001396 0.001461 0.001528 0.001596 0.001665 0.001736 0.001808 0.001881 0.001955 0.002030 0.002106 0.002183 0.002260 0.002338 0.002417 0.002496 0.002575 0.002654 0.002733 0.006717 0.041900 0.182261 0.509404 0.999689 
0.000000 0.000018 0.000036 0.000054 0.000072 0.000091 0.000110 0.000130 0.000150 0.000171 0.000193 0.000216 0.000239 0.000263 0.000289 0.000315 0.000343 0.000372 0.000402 0.000434 0.000467 0.000501 0.000537 0.000574 0.000613 0.000654 0.000696 0.000740 0.000785 0.000832 0.000881 0.000931 0.000983 0.001037 0.001093 0.001150 0.001208 0.001268 0.001330 0.001393 0.001458 0.001524 0.001591 0.001660 0.001730 0.001801 0.001873 0.001946 0.002020 0.002095 0.002170 0.002246 0.002322 0.002399 0.002476 0.002553 0.002630 0.002707 0.002784 0.006755 0.041847 0.181854 0.508171 0.997204 
0.000000 0.000020 0.000039 0.000059 0.000079 0.000100 0.000120 0.000142 0.000164 0.000186 0.000210 0.000234 0.000259 0.000285 0.000313 0.000341 0.000370 0.000401 0.000433 0.000466 0.000501 0.000537 0.000575 0.000614 0.000654 0.000697 0.000740 0.000786 0.000833 0.000882 0.000932 0.000984 0.001037 0.001093 0.001149 0.001207 0.001267 0.001329 0.001391 0.001455 0.001521 0.001588 0.001655 0.001724 0.001795 0.001866 0.001938 0.002010 0.002084 0.002158 0.002232 0.002307 0.002382 0.002457 0.002532 0.002607 0.002682 0.002756 0.002830 0.006778 0.041692 0.180996 0.505676 0.992239 
0.000000 0.000021 0.000043 0.000064 0.000086 0.000108 0.000131 0.000154 0.000178 0.000203 0.000228 0.000254 0.000281 0.000309 0.000338 0.000368 0.000399 0.000431 0.000465 0.000500 0.000537 0.000575 0.000614 0.000655 0.000697 0.000741 0.000787 0.000834 0.000883 0.000933 0.000985 0.001038 0.001093 0.001150 0.001207 0.001267 0.001328 0.001390 0.001454 0.001519 0.001585 0.001652 0.001720 0.001789 0.001859 0.001930 0.002002 0.002074 0.002147 0.002220 0.002293 0.002366 0.002440 0.002513 0.002586 0.002658 0.002730 0.002801 0.002871 0.006787 0.041435 0.179690 0.501924 0.984808 
0.000000 0.000023 0.000047 0.000070 0.000094 0.000118 0.000142 0.000167 0.000193 0.000219 0.000247 0.000274 0.000303 0.000333 0.000364 0.000396 0.000429 0.000464 0.000499 0.000536 0.000574 0.000614 0.000655 0.000698 0.000742 0.000788 0.000835 0.000884 0.000934 0.000986 0.001039 0.001094 0.001150 0.001208 0.001267 0.001328 0.001390 0.001453 0.001517 0.001583 0.001649 0.001717 0.001785 0.001854 0.001924 0.001995 0.002066 0.002137 0.002209 0.002280 0.002352 0.002424 0.002495 0.002566 0.002636 0.002705 0.002774 0.002841 0.002907 0.006780 0.041077 0.177938 0.496925 0.974928 
0.000000 0.000025 0.000051 0.000076 0.000102 0.000128 0.000154 0.000181 0.000209 0.000237 0.000266 0.000296 0.000327 0.000359 0.000392 0.000426 0.000461 0.000497 0.000535 0.000574 0.000614 0.000656 0.000699 0.000743 0.000789 0.000836 0.000885 0.000936 0.000988 0.001041 0.001096 0.001152 0.001209 0.001268 0.001329 0.001390 0.001453 0.001517 0.001582 0.001647 0.001714 0.001782 0.001850 0.001919 0.001989 0.002059 0.002129 0.002199 0.002269 0.002339 0.002409 0.002479 0.002548 0.002616 0.002683 0.002749 0.002813 0.002877 0.002938 0.006758 0.040618 0.175745 0.490691 0.962624 
0.000000 0.000027 0.000055 0.000082 0.000110 0.000138 0.000167 0.000196 0.000226 0.000256 0.000287 0.000319 0.000352 0.000386 0.000421 0.000457 0.000494 0.000532 0.000572 0.000613 0.000655 0.000699 0.000743 0.000790 0.000838 0.000887 0.000937 0.000989 0.001043 0.001097 0.001154 0.001211 0.001270 0.001330 0.001391 0.001454 0.001517 0.001582 0.001647 0.001713 0.001780 0.001848 0.001916 0.001984 0.002053 0.002122 0.002191 0.002260 0.002329 0.002397 0.002464 0.002531 0.002597 0.002662 0.002726 0.002788 0.002848 0.002907 0.002964 0.006721 0.040059 0.173116 0.483238 0.947927 
0.000000 0.000030 0.000059 0.000089 0.000119 0.000149 0.000180 0.000211 0.000243 0.000276 0.000309 0.000343 0.000378 0.000414 0.000452 0.000490 0.000529 0.000569 0.000611 0.000654 0.000698 0.000743 0.000790 0.000838 0.000888 0.000939 0.000991 0.001045 0.001100 0.001156 0.001213 0.001272 0.001332 0.001393 0.001455 0.001519 0.001583 0.001647 0.001713 0.001779 0.001846 0.001914 0.001981 0.002049 0.002117 0.002185 0.002252 0.002319 0.002386 0.002452 0.002517 0.002581 0.002644 0.002705 0.002765 0.002823 0.002879 0.002932 0.002984 0.006669 0.039401 0.170057 0.474584 0.930874 
0.000000 0.000032 0.000064 0.000096 0.000128 0.000161 0.000194 0.000228 0.000262 0.000297 0.000332 0.000369 0.000406 0.000444 0.000484 0.000524 0.000565 0.000608 0.000652 0.000696 0.000743 0.000790 0.000839 0.000889 0.000940 0.000993 0.001047 0.001102 0.001159 0.001216 0.001275 0.001335 0.001396 0.001458 0.001521 0.001585 0.001649 0.001714 0.001780 0.001846 0.001913 0.001980 0.002047 0.002113 0.002180 0.002246 0.002312 0.002377 0.002442 0.002505 0.002567 0.002628 0.002687 0.002744 0.002800 0.002853 0.002904 0.002952 0.002998 0.006601 0.038646 0.166575 0.464749 0.911506 
0.000000 0.000034 0.000069 0.000103 0.000138 0.000173 0.000209 0.000245 0.000281 0.000319 0.000357 0.000395 0.000435 0.000476 0.000517 0.000560 0.000603 0.000648 0.000694 0.000741 0.000789 0.000839 0.000889 0.000941 0.000995 0.001049 0.001104 0.001161 0.001219 0.001278 0.001338 0.001399 0.001461 0.001524 0.001588 0.001652 0.001717 0.001782 0.001848 0.001914 0.001980 0.002046 0.002112 0.002177 0.002242 0.002307 0.002371 0.002433 0.002495 0.002555 0.002614 0.002671 0.002726 0.002779 0.002830 0.002878 0.002923 0.002966 0.003005 0.006517 0.037795 0.162680 0.453759 0.889872 
0.000000 0.000037 0.000074 0.000111 0.000148 0.000186 0.000224 0.000262 0.000302 0.000341 0.000382 0.000423 0.000465 0.000508 0.000552 0.000597 0.000643 0.000690 0.000738 0.000787 0.000838 0.000889 0.000942 0.000996 0.001051 0.001107 0.001164 0.001222 0.001282 0.001342 0.001403 0.001465 0.001528 0.001591 0.001655 0.001720 0.001785 0.001850 0.001916 0.001981 0.002047 0.002112 0.002176 0.002240 0.002304 0.002366 0.002428 0.002488 0.002546 0.002603 0.002658 0.002711 0.002762 0.002810 0.002856 0.002898 0.002938 0.002973 0.003006 0.006417 0.036850 0.158379 0.441641 0.866025 
0.000000 0.000040 0.000079 0.000119 0.000159 0.000199 0.000240 0.000281 0.000323 0.000365 0.000408 0.000452 0.000497 0.000542 0.000589 0.000636 0.000684 0.000734 0.000784 0.000835 0.000888 0.000941 0.000996 0.001052 0.001109 0.001166 0.001225 0.001285 0.001346 0.001407 0.001469 0.001532 0.001596 0.001660 0.001724 0.001789 0.001854 0.001919 0.001984 0.002049 0.002113 0.002177 0.002240 0.002303 0.002364 0.002424 0.002483 0.002540 0.002595 0.002648 0.002699 0.002748 0.002793 0.002836 0.002876 0.002913 0.002946 0.002975 0.003000 0.006302 0.035814 0.153684 0.428423 0.840026 
0.000000 0.000042 0.000085 0.000127 0.000170 0.000213 0.000257 0.000301 0.000345 0.000390 0.000436 0.000483 0.000530 0.000578 0.000627 0.000677 0.000727 0.000779 0.000832 0.000885 0.000940 0.000996 0.001052 0.001110 0.001169 0.001228 0.001288 0.001350 0.001412 0.001474 0.001537 0.001601 0.001665 0.001730 0.001795 0.001859 0.001924 0.001989 0.002053 0.002117 0.002180 0.002242 0.002304 0.002364 0.002423 0.002480 0.002536 0.002589 0.002641 0.002690 0.002736 0.002780 0.002821 0.002858 0.002892 0.002922 0.002948 0.002969 0.002987 0.006171 0.034688 0.148606 0.414140 0.811938 
0.000000 0.000045 0.000091 0.000136 0.000182 0.000228 0.000274 0.000321 0.000369 0.000416 0.000465 0.000514 0.000564 0.000615 0.000666 0.000719 0.000772 0.000826 0.000881 0.000937 0.000994 0.001052 0.001111 0.001170 0.001230 0.001292 0.001354 0.001416 0.001479 0.001543 0.001607 0.001671 0.001736 0.001801 0.001866 0.001930 0.001995 0.002059 0.002122 0.002185 0.002246 0.002307 0.002366 0.002424 0.002480 0.002535 0.002587 0.002637 0.002684 0.002728 0.002770 0.002808 0.002843 0.002874 0.002901 0.002924 0.002943 0.002957 0.002966 0.006024 0.033475 0.143158 0.398826 0.781831 
0.000000 0.000048 0.000097 0.000145 0.000194 0.000243 0.000293 0.000343 0.000393 0.000444 0.000495 0.000547 0.000600 0.000653 0.000708 0.000763 0.000819 0.000875 0.000933 0.000991 0.001050 0.001110 0.001171 0.001232 0.001294 0.001357 0.001420 0.001484 0.001548 0.001613 0.001678 0.001743 0.001808 0.001873 0.001938 0.002002 0.002066 0.002129 0.002191 0.002252 0.002312 0.002371 0.002428 0.002483 0.002536 0.002587 0.002635 0.002681 0.002724 0.002763 0.002799 0.002832 0.002861 0.002885 0.002905 0.002921 0.002932 0.002938 0.002938 0.005862 0.032177 0.137352 0.382519 0.749781 
0.000000 0.000052 0.000103 0.000155 0.000207 0.000259 0.000312 0.000365 0.000418 0.000472 0.000527 0.000582 0.000637 0.000694 0.000751 0.000808 0.000867 0.000926 0.000986 0.001047 0.001108 0.001170 0.001233 0.001296 0.001360 0.001424 0.001489 0.001554 0.001619 0.001685 0.001750 0.001816 0.001881 0.001946 0.002010 0.002074 0.002137 0.002199 0.002260 0.002319 0.002377 0.002433 0.002488 0.002540 0.002589 0.002637 0.002681 0.002722 0.002760 0.002794 0.002824 0.002851 0.002873 0.002891 0.002903 0.002911 0.002914 0.002911 0.002902 0.005684 0.030798 0.131203 0.365259 0.715867 
0.000000 0.000055 0.000110 0.000165 0.000220 0.000276 0.000332 0.000388 0.000445 0.000502 0.000559 0.000617 0.000676 0.000735 0.000795 0.000856 0.000917 0.000979 0.001041 0.001104 0.001168 0.001232 0.001297 0.001362 0.001427 0.001493 0.001559 0.001626 0.001692 0.001758 0.001824 0.001890 0.001955 0.002020 0.002084 0.002147 0.002209 0.002269 0.002329 0.002386 0.002442 0.002495 0.002546 0.002595 0.002641 0.002684 0.002724 0.002760 0.002792 0.002821 0.002845 0.002865 0.002880 0.002890 0.002895 0.002895 0.002888 0.002876 0.002858 0.005490 0.029341 0.124725 0.347090 0.680173 
0.000000 0.000058 0.000117 0.000176 0.000234 0.000293 0.000353 0.000412 0.000472 0.000532 0.000593 0.000655 0.000716 0.000779 0.000842 0.000905 0.000969 0.001033 0.001098 0.001164 0.001230 0.001296 0.001363 0.001430 0.001497 0.001564 0.001632 0.001699 0.001766 0.001833 0.001899 0.001965 0.002030 0.002095 0.002158 0.002220 0.002280 0.002339 0.002397 0.002452 0.002505 0.002555 0.002603 0.002648 0.002690 0.002728 0.002763 0.002794 0.002821 0.002843 0.002861 0.002874 0.002881 0.002884 0.002880 0.002871 0.002856 0.002834 0.002806 0.005282 0.027809 0.117935 0.328055 0.642788 
0.000000 0.000062 0.000124 0.000186 0.000249 0.000311 0.000374 0.000437 0.000501 0.000564 0.000629 0.000693 0.000758 0.000824 0.000890 0.000956 0.001023 0.001090 0.001157 0.001225 0.001293 0.001362 0.001431 0.001499 0.001568 0.001637 0.001705 0.001774 0.001842 0.001909 0.001976 0.002041 0.002106 0.002170 0.002232 0.002293 0.002352 0.002409 0.002464 0.002517 0.002567 0.002614 0.002658 0.002699 0.002736 0.002770 0.002799 0.002824 0.002845 0.002861 0.002871 0.002877 0.002877 0.002871 0.002858 0.002840 0.002815 0.002783 0.002745 0.005058 0.026205 0.110849 0.308203 0.603804 
0.000000 0.000066 0.000132 0.000198 0.000264 0.000330 0.000397 0.000463 0.000530 0.000598 0.000665 0.000733 0.000802 0.000870 0.000939 0.001009 0.001078 0.001148 0.001218 0.001289 0.001359 0.001430 0.001500 0.001571 0.001641 0.001711 0.001781 0.001850 0.001919 0.001986 0.002053 0.002119 0.002183 0.002246 0.002307 0.002366 0.002424 0.002479 0.002531 0.002581 0.002628 0.002671 0.002711 0.002748 0.002780 0.002808 0.002832 0.002851 0.002865 0.002874 0.002877 0.002874 0.002866 0.002851 0.002830 0.002802 0.002767 0.002725 0.002675 0.004819 0.024533 0.103485 0.287581 0.563320 
0.000000 0.000070 0.000140 0.000210 0.000280 0.000350 0.000420 0.000491 0.000561 0.000632 0.000703 0.000775 0.000847 0.000919 0.000991 0.001063 0.001136 0.001208 0.001281 0.001354 0.001427 0.001500 0.001572 0.001644 0.001716 0.001787 0.001858 0.001928 0.001997 0.002065 0.002132 0.002197 0.002260 0.002322 0.002382 0.002440 0.002495 0.002548 0.002597 0.002644 0.002687 0.002726 0.002762 0.002793 0.002821 0.002843 0.002861 0.002873 0.002880 0.002881 0.002877 0.002866 0.002848 0.002825 0.002794 0.002756 0.002710 0.002658 0.002597 0.004566 0.022797 0.095860 0.266242 0.521435 
0.000000 0.000074 0.000148 0.000222 0.000296 0.000370 0.000444 0.000519 0.000593 0.000668 0.000743 0.000818 0.000893 0.000969 0.001044 0.001119 0.001195 0.001271 0.001346 0.001421 0.001496 0.001571 0.001646 0.001719 0.001793 0.001865 0.001937 0.002007 0.002077 0.002145 0.002211 0.002276 0.002338 0.002399 0.002457 0.002513 0.002566 0.002616 0.002662 0.002705 0.002744 0.002779 0.002810 0.002836 0.002858 0.002874 0.002885 0.002891 0.002890 0.002884 0.002871 0.002851 0.002825 0.002791 0.002750 0.002702 0.002646 0.002582 0.002510 0.004298 0.021001 0.087992 0.244237 0.478254 
0.000000 0.000078 0.000156 0.000235 0.000313 0.000391 0.000470 0.000548 0.000627 0.000705 0.000784 0.000863 0.000941 0.001020 0.001099 0.001178 0.001256 0.001335 0.001413 0.001491 0.001568 0.001645 0.001721 0.001797 0.001871 0.001945 0.002017 0.002088 0.002158 0.002226 0.002292 0.002355 0.002417 0.002476 0.002532 0.002586 0.002636 0.002683 0.002726 0.002765 0.002800 0.002830 0.002856 0.002876 0.002892 0.002901 0.002905 0.002903 0.002895 0.002880 0.002858 0.002830 0.002794 0.002750 0.002699 0.002640 0.002573 0.002497 0.002413 0.004016 0.019149 0.079902 0.221623 0.433884 
0.000000 0.000083 0.000165 0.000248 0.000330 0.000413 0.000496 0.000578 0.000661 0.000744 0.000826 0.000909 0.000991 0.001074 0.001156 0.001238 0.001319 0.001401 0.001482 0.001562 0.001642 0.001720 0.001798 0.001875 0.001951 0.002026 0.002099 0.002170 0.002240 0.002307 0.002373 0.002436 0.002496 0.002553 0.002607 0.002658 0.002705 0.002749 0.002788 0.002823 0.002853 0.002878 0.002898 0.002913 0.002922 0.002924 0.002921 0.002911 0.002895 0.002871 0.002840 0.002802 0.002756 0.002702 0.002640 0.002570 0.002491 0.002404 0.002308 0.003721 0.017245 0.071609 0.198453 0.388435 
0.000000 0.000087 0.000174 0.000261 0.000349 0.000436 0.000523 0.000610 0.000697 0.000783 0.000870 0.000957 0.001043 0.001129 0.001214 0.001300 0.001385 0.001469 0.001552 0.001635 0.001717 0.001798 0.001878 0.001956 0.002033 0.002109 0.002182 0.002254 0.002323 0.002390 0.002455 0.002516 0.002575 0.002630 0.002682 0.002730 0.002774 0.002813 0.002848 0.002879 0.002904 0.002923 0.002938 0.002946 0.002948 0.002943 0.002932 0.002914 0.002888 0.002856 0.002815 0.002767 0.002710 0.002646 0.002573 0.002491 0.002401 0.002301 0.002193 0.003412 0.015294 0.063133 0.174786 0.342020 
0.000000 0.000092 0.000184 0.000276 0.000367 0.000459 0.000551 0.000642 0.000733 0.000825 0.000915 0.001006 0.001096 0.001186 0.001275 0.001364 0.001452 0.001539 0.001625 0.001710 0.001794 0.001877 0.001959 0.002039 0.002117 0.002193 0.002267 0.002338 0.002408 0.002474 0.002537 0.002597 0.002654 0.002707 0.002756 0.002801 0.002841 0.002877 0.002907 0.002932 0.002952 0.002966 0.002973 0.002975 0.002969 0.002957 0.002938 0.002911 0.002876 0.002834 0.002783 0.002725 0.002658 0.002582 0.002497 0.002404 0.002301 0.002190 0.002069 0.003090 0.013300 0.054495 0.150681 0.294755 
0.000000 0.000097 0.000194 0.000290 0.000387 0.000483 0.000580 0.000676 0.000772 0.000867 0.000962 0.001057 0.001151 0.001244 0.001337 0.001429 0.001520 0.001611 0.001700 0.001787 0.001874 0.001959 0.002042 0.002123 0.002202 0.002278 0.002353 0.002424 0.002493 0.002558 0.002620 0.002679 0.002733 0.002784 0.002830 0.002871 0.002907 0.002938 0.002964 0.002984 0.002998 0.003005 0.003006 0.003000 0.002987 0.002966 0.002938 0.002902 0.002858 0.002806 0.002745 0.002675 0.002597 0.002510 0.002413 0.002308 0.002193 0.002069 0.001935 0.002756 0.011267 0.045716 0.126197 0.246757 
0.000000 0.000297 0.000593 0.000888 0.001181 0.001472 0.001761 0.002046 0.002328 0.002606 0.002879 0.003146 0.003408 0.003664 0.003912 0.004154 0.004388 0.004613 0.004830 0.005038 0.005236 0.005425 0.005602 0.005769 0.005925 0.006068 0.006200 0.006319 0.006426 0.006519 0.006599 0.006665 0.006717 0.006755 0.006778 0.006787 0.006780 0.006758 0.006721 0.006669 0.006601 0.006517 0.006417 0.006302 0.006171 0.006024 0.005862 0.005684 0.005490 0.005282 0.005058 0.004819 0.004566 0.004298 0.004016 0.003721 0.003412 0.003090 0.002756 0.003184 0.009783 0.037207 0.101589 0.198146 
0.000000 0.002052 0.004100 0.006137 0.008160 0.010164 0.012143 0.014093 0.016010 0.017888 0.019723 0.021512 0.023249 0.024930 0.026551 0.028109 0.029600 0.031019 0.032364 0.033632 0.034818 0.035921 0.036938 0.037865 0.038701 0.039444 0.040092 0.040643 0.041095 0.041448 0.041700 0.041851 0.041900 0.041847 0.041692 0.041435 0.041077 0.040618 0.040059 0.039401 0.038646 0.037795 0.036850 0.035814 0.034688 0.033475 0.032177 0.030798 0.029341 0.027809 0.026205 0.024533 0.022797 0.021001 0.019149 0.017245 0.015294 0.013300 0.011267 0.009783 0.012922 0.031707 0.078280 0.149042 
0.000000 0.009054 0.018085 0.027072 0.035992 0.044824 0.053545 0.062133 0.070569 0.078831 0.086898 0.094751 0.102370 0.109737 0.116833 0.123641 0.130144 0.136325 0.142170 0.147665 0.152794 0.157547 0.161910 0.165874 0.169428 0.172563 0.175271 0.177546 0.179383 0.180775 0.181721 0.182216 0.182261 0.181854 0.180996 0.179690 0.177938 0.175745 0.173116 0.170057 0.166575 0.162680 0.158379 0.153684 0.148606 0.143158 0.137352 0.131203 0.124725 0.117935 0.110849 0.103485 0.095860 0.087992 0.079902 0.071609 0.063133 0.054495 0.045716 0.037207 0.031707 0.036601 0.060016 0.099568 
0.000000 0.025374 0.050686 0.075872 0.100869 0.125616 0.150052 0.174116 0.197747 0.220888 0.243481 0.265470 0.286801 0.307420 0.327276 0.346320 0.364505 0.381785 0.398119 0.413464 0.427783 0.441041 0.453204 0.464242 0.474128 0.482837 0.490347 0.496640 0.501700 0.505515 0.508074 0.509371 0.509404 0.508171 0.505676 0.501924 0.496925 0.490691 0.483238 0.474584 0.464749 0.453759 0.441641 0.428423 0.414140 0.398826 0.382519 0.365259 0.347090 0.328055 0.308203 0.287581 0.266242 0.244237 0.221623 0.198453 0.174786 0.150681 0.126197 0.101589 0.078280 0.060016 0.050919 0.049846 
0.000000 0.049846 0.099568 0.149042 0.198146 0.246757 0.294755 0.342020 0.388435 0.433884 0.478254 0.521435 0.563320 0.603804 0.642788 0.680173 0.715867 0.749781 0.781831 0.811938 0.840026 0.866025 0.889872 0.911506 0.930874 0.947927 0.962624 0.974928 0.984808 0.992239 0.997204 0.999689 0.999689 0.997204 0.992239 0.984808 0.974928 0.962624 0.947927 0.930874 0.911506 0.889872 0.866025 0.840026 0.811938 0.781831 0.749781 0.715867 0.680173 0.642788 0.603804 0.563320 0.521435 0.478254 0.433884 0.388435 0.342020 0.294755 0.246757 0.198146 0.149042 0.099568 0.049846 0.000000 
